﻿Position,Len,Field,Start,End,col_type
8,1,LATEREC,8,8,n
9-12,4,DOB_YY,9,12,n
13-14,2,DOB_MM,13,14,c
19-22,4,DOB_TT,19,22,c
23,1,DOB_WK,23,23,n
32,1,BFACIL,32,32,n
33,1,F_BFACIL,33,33,l
50,1,BFACIL3,50,50,f
73,1,MAGEIMP,73,73,l
74,1,MAGEREP,74,74,l
75-76,2,MAGER,75,76,c
77-78,2,MAGER14,77,78,c
79,1,MAGER9,79,79,n
84,1,MBSTATE_REC,84,84,n
104,1,RESTATUS,104,104,n
105-106,2,MRACE31,105,106,c
107,1,MRACE6,107,107,n
108-109,2,MRACE15,108,109,c
110,1,MBRACE,110,110,f
111,1,MRACEIMP,111,111,n
115,1,MHISP_R,115,115,n
116,1,F_MHISP,116,116,l
117,1,MRACEHISP,117,117,n
119,1,MAR_P,119,119,c
120,1,DMAR,120,120,n
121,1,MAR_IMP,121,121,l
123,1,F_MAR_P,123,123,l
124,1,MEDUC,124,124,n
126,1,F_MEDUC,126,126,l
142,1,FAGERPT_FLG,142,142,l
147-148,2,FAGECOMB,147,148,n
149-150,2,FAGE11,149,150,c
151-152,2,FRACE31,151,152,c
153,1,FRACE6,153,153,n
154-155,2,FRACE15,154,155,n
156,1,FBRACE,156,156,f
160,1,FHISP_R,160,160,n
161,1,F_FHISP,161,161,l
162,1,FRACEHISP,162,162,n
163,1,FEDUC,163,163,n
165,1,F_FEDUC,165,165,l
171-172,2,PRIORLIVE,171,172,c
173-174,2,PRIORDEAD,173,174,c
175-176,2,PRIORTERM,175,176,c
179,1,LBO_REC,179,179,n
182,1,TPO_REC,182,182,n
198-200,3,ILLB_R,198,200,c
201-202,2,ILLB_R11,201,202,c
206-208,3,ILOO_R,206,208,c
209-210,2,ILOO_R11,209,210,c
214-216,3,ILP_R,214,216,c
217-218,2,ILP_R11,217,218,c
224-225,2,PRECARE,224,225,c
226,1,F_MPCB,226,226,l
227,1,PRECARE5,227,227,n
238-239,2,PREVIS,238,239,c
242-243,2,PREVIS_REC,242,243,c
244,1,F_TPCV,244,244,l
251,1,WIC,251,251,c
252,1,F_WIC,252,252,l
253-254,2,CIG_0,253,254,n
255-256,2,CIG_1,255,256,n
257-258,2,CIG_2,257,258,n
259-260,2,CIG_3,259,260,n
261,1,CIG0_R,261,261,n
262,1,CIG1_R,262,262,n
263,1,CIG2_R,263,263,n
264,1,CIG3_R,264,264,n
265,1,F_CIGS_0,265,265,l
266,1,F_CIGS_1,266,266,l
267,1,F_CIGS_2,267,267,l
268,1,F_CIGS_3,268,268,l
269,1,CIG_REC,269,269,c
270,1,F_TOBACO,270,270,l
280-281,2,MHTR,280,281,n
282,1,F_M_HT,282,282,l
283-286,4,BMI,283,286,n
287,1,BMI_R,287,287,n
292-294,3,PWgt_R,292,294,n
295,1,F_PWGT,295,295,l
299-301,3,DWGT_R,299,301,n
303,1,F_DWGT,303,303,l
304-305,2,WTGAIN,304,305,n
306,1,WTGAIN_REC,306,306,n
307,1,F_WTGAIN,307,307,l
313,1,RF_PDIAB,313,313,c
314,1,RF_GDIAB,314,314,c
315,1,RF_PHYPE,315,315,c
316,1,RF_GHYPE,316,316,c
317,1,RF_EHYPE,317,317,c
318,1,RF_PPB,318,318,c
319,1,F_RF_PDIAB,319,319,l
320,1,F_RF_GDIAB,320,320,l
321,1,F_RF_PHYPE,321,321,l
322,1,F_RF_GHYPE,322,322,l
323,1,F_RF_EHYPE,323,323,l
324,1,F_RF_PPB,324,324,l
325,1,RF_INFT,325,325,c
326,1,RF_DRG,326,326,c
327,1,RF_ART,327,327,c
329,1,F_RF_DRG,329,329,l
330,1,F_RF_ART,330,330,l
331,1,RF_CESAR,331,331,c
332-333,2,RF_CESARN,332,333,n
335,1,F_RF_CESAR,335,335,l
336,1,F_RF_NCESAR,336,336,l
337,1,NO_RISKS,337,337,n
343,1,IP_GON,343,343,c
344,1,IP_SYPH,344,344,c
345,1,IP_CHLAM,345,345,c
346,1,IP_HEPB,346,346,c
347,1,IP_HEPC,347,347,c
348,1,F_IP_GON,348,348,l
349,1,F_IP_SYPH,349,349,l
350,1,F_IP_CHLAM,350,350,l
351,1,F_IP_HEPB,351,351,l
352,1,F_IP_HEPC,352,352,l
353,1,NO_INFEC,353,353,n
360,1,OB_SUCC,360,360,c
361,1,OB_FAIL,361,361,c
363,1,F_OB_SUCC,363,363,l
364,1,F_OB_FAIL,364,364,l
365-371,7,CO_SEQNUM,365,371,n
372-375,4,CO_DODYY,372,375,n
383,1,LD_INDL,383,383,c
384,1,LD_AUGM,384,384,c
385,1,LD_STER,385,385,c
386,1,LD_ANTB,386,386,c
387,1,LD_CHOR,387,387,c
388,1,LD_ANES,388,388,c
389,1,F_LD_INDL,389,389,l
390,1,F_LD_AUGM,390,390,l
391,1,F_LD_STER,391,391,l
392,1,F_LD_ANTB,392,392,l
393,1,F_LD_CHOR,393,393,l
394,1,F_LD_ANES,394,394,l
395,1,NO_LBRDLV,395,395,n
401,1,ME_PRES,401,401,n
402,1,ME_ROUT,402,402,n
403,1,ME_TRIAL,403,403,c
404,1,F_ME_PRES,404,404,l
405,1,F_ME_ROUT,405,405,l
406,1,F_ME_TRIAL,406,406,l
407,1,RDMETH_REC,407,407,n
408,1,DMETH_REC,408,408,n
409,1,F_DMETH_REC,409,409,l
415,1,MM_MTR,415,415,c
416,1,MM_PLAC,416,416,c
417,1,MM_RUPT,417,417,c
418,1,MM_UHYST,418,418,c
419,1,MM_AICU,419,419,c
421,1,F_MM_MTR,421,421,l
422,1,F_MM_ PLAC,422,422,l
423,1,F_MM_RUPT,423,423,l
424,1,F_MM_UHYST,424,424,l
425,1,F_MM_AICU,425,425,l
427,1,NO_MMORB,427,427,n
433,1,ATTEND,433,433,n
434,1,MTRAN,434,434,c
435,1,PAY,435,435,n
436,1,PAY_REC,436,436,n
437,1,F_PAY,437,437,l
438,1,F_PAY_REC,438,438,l
444-445,2,APGAR5,444,445,n
446,1,APGAR5R,446,446,n
447,1,F_APGAR5,447,447,l
448-449,2,APGAR10,448,449,c
450,1,APGAR10R,450,450,n
454,1,DPLURAL,454,454,n
456,1,IMP_PLUR,456,456,n
459,1,SETORDER_R,459,459,n
475,1,SEX,475,475,f
476,1,IMP_SEX,476,476,n
477-478,2,DLMP_MM,477,478,c
481-484,4,DLMP_YY,481,484,n
487,1,COMPGST_IMP,487,487,n
488,1,COMBGST_IMP,488,488,n
489,1,OBGEST_FLG,489,489,n
490-491,2,COMBGEST,490,491,n
492-493,2,GESTREC10,492,493,c
494,1,GESTREC3,494,494,n
498,1,LMPUSED,498,498,n
499-500,2,OEGest_Comb,499,500,n
501-502,2,OEGest_R10,501,502,c
503,1,OEGest_R3,503,503,n
509-510,2,BWTR14,509,510,c
511,1,BWTR4,511,511,n
512-515,4,BRTHWGT,512,515,n
516,1,BWTIMP,516,516,n
517,1,AB_AVEN1,517,517,c
518,1,AB_AVEN6,518,518,c
519,1,AB_NICU,519,519,c
520,1,AB_SURF,520,520,c
521,1,AB_ANTI,521,521,c
522,1,AB_SEIZ,522,522,c
524,1,F_AB_AVEN1,524,524,l
525,1,F_AB_AVEN6,525,525,l
526,1,F_AB_NICU,526,526,l
527,1,F_AB_SURF,527,527,l
528,1,F_AB_ANTI,528,528,l
529,1,F_AB_SEIZ,529,529,l
531,1,NO_ABNORM,531,531,n
537,1,CA_ANEN,537,537,c
538,1,CA_MNSB,538,538,c
539,1,CA_CCHD,539,539,c
540,1,CA_CDH,540,540,c
541,1,CA_OMPH,541,541,c
542,1,CA_GAST,542,542,c
543,1,F_CA_ANEN,543,543,l
544,1,F_CA_MNSB,544,544,l
545,1,F_CA_CCHD,545,545,l
546,1,F_CA_CDH,546,546,l
547,1,F_CA_OMPH,547,547,l
548,1,F_CA_GAST,548,548,l
549,1,CA_LIMB,549,549,c
550,1,CA_CLEFT,550,550,c
551,1,CA_CLPAL,551,551,c
552,1,CA_DOWN,552,552,c
553,1,CA_DISOR,553,553,c
554,1,CA_HYPO,554,554,c
555,1,F_CA_LIMB,555,555,l
556,1,F_CA_CLEFT,556,556,l
557,1,F_CA_CLPAL,557,557,l
558,1,F_CA_DOWN,558,558,l
559,1,F_CA_DISOR,559,559,l
560,1,F_CA_HYPO,560,560,l
561,1,NO_CONGEN,561,561,n
567,1,ITRAN,567,567,c
568,1,ILIVE,568,568,c
569,1,BFED,569,569,c
570,1,F_BFED,570,570,l
1346,1,FLGND,1346,1346,n
